,customerID,SeniorCitizen,tenure,MonthlyCharges,TotalCharges,Sex_male,partner,dependents,phone_service,churn,InternetService_Fiber optic,InternetService_No,OnlineSecurity_No internet service,OnlineSecurity_Yes,OnlineBackup_No internet service,OnlineBackup_Yes,DeviceProtection_No internet service,DeviceProtection_Yes,TechSupport_No internet service,TechSupport_Yes,StreamingTV_No internet service,StreamingTV_Yes,StreamingMovies_No internet service,StreamingMovies_Yes,Contract_One year,Contract_Two year,PaperlessBilling_Yes,PaymentMethod_Credit card (automatic),PaymentMethod_Electronic check,PaymentMethod_Mailed check,MultipleLines_No phone service,MultipleLines_Yes
0,7590-VHVEG,0,1,29.85,29.85,0,1,0,0,0,0,0,0,0,0,1,0,0,0,0,0,0,0,0,0,0,1,0,1,0,1,0
1,5575-GNVDE,0,34,56.95,1889.5,1,0,0,1,0,0,0,0,1,0,0,0,1,0,0,0,0,0,0,1,0,0,0,0,1,0,0
2,3668-QPYBK,0,2,53.85,108.15,1,0,0,1,1,0,0,0,1,0,1,0,0,0,0,0,0,0,0,0,0,1,0,0,1,0,0
3,7795-CFOCW,0,45,42.3,1840.75,1,0,0,0,0,0,0,0,1,0,0,0,1,0,1,0,0,0,0,1,0,0,0,0,0,1,0
4,9237-HQITU,0,2,70.7,151.65,0,0,0,1,1,1,0,0,0,0,0,0,0,0,0,0,0,0,0,0,0,1,0,1,0,0,0
5,9305-CDSKC,0,8,99.65,820.5,0,0,0,1,1,1,0,0,0,0,0,0,1,0,0,0,1,0,1,0,0,1,0,1,0,0,1
6,1452-KIOVK,0,22,89.1,1949.4,1,0,1,1,0,1,0,0,0,0,1,0,0,0,0,0,1,0,0,0,0,1,1,0,0,0,1
7,6713-OKOMC,0,10,29.75,301.9,0,0,0,0,0,0,0,0,1,0,0,0,0,0,0,0,0,0,0,0,0,0,0,0,1,1,0
8,7892-POOKP,0,28,104.8,3046.05,0,1,0,1,1,1,0,0,0,0,0,0,1,0,1,0,1,0,1,0,0,1,0,1,0,0,1
9,6388-TABGU,0,62,56.15,3487.95,1,0,1,1,0,0,0,0,1,0,1,0,0,0,0,0,0,0,0,1,0,0,0,0,0,0,0
10,9763-GRSKD,0,13,49.95,587.45,1,1,1,1,0,0,0,0,1,0,0,0,0,0,0,0,0,0,0,0,0,1,0,0,1,0,0
11,7469-LKBCI,0,16,18.95,326.8,1,0,0,1,0,0,1,1,0,1,0,1,0,1,0,1,0,1,0,0,1,0,1,0,0,0,0
12,8091-TTVAX,0,58,100.35,5681.1,1,1,0,1,0,1,0,0,0,0,0,0,1,0,0,0,1,0,1,1,0,0,1,0,0,0,1
13,0280-XJGEX,0,49,103.7,5036.3,1,0,0,1,1,1,0,0,0,0,1,0,1,0,0,0,1,0,1,0,0,1,0,0,0,0,1
14,5129-JLPIS,0,25,105.5,2686.05,1,0,0,1,0,1,0,0,1,0,0,0,1,0,1,0,1,0,1,0,0,1,0,1,0,0,0
15,3655-SNQYZ,0,69,113.25,7895.15,0,1,1,1,0,1,0,0,1,0,1,0,1,0,1,0,1,0,1,0,1,0,1,0,0,0,1
16,8191-XWSZG,0,52,20.65,1022.95,0,0,0,1,0,0,1,1,0,1,0,1,0,1,0,1,0,1,0,1,0,0,0,0,1,0,0
17,9959-WOFKT,0,71,106.7,7382.25,1,0,1,1,0,1,0,0,1,0,0,0,1,0,0,0,1,0,1,0,1,0,0,0,0,0,1
18,4190-MFLUW,0,10,55.2,528.35,0,1,1,1,1,0,0,0,0,0,0,0,1,0,1,0,0,0,0,0,0,0,1,0,0,0,0
19,4183-MYFRB,0,21,90.05,1862.9,0,0,0,1,0,1,0,0,0,0,1,0,1,0,0,0,0,0,1,0,0,1,0,1,0,0,0
20,8779-QRDMV,1,1,39.65,39.65,1,0,0,0,1,0,0,0,0,0,0,0,1,0,0,0,0,0,1,0,0,1,0,1,0,1,0
21,1680-VDCWW,0,12,19.8,202.25,1,1,0,1,0,0,1,1,0,1,0,1,0,1,0,1,0,1,0,1,0,0,0,0,0,0,0
22,1066-JKSGK,0,1,20.15,20.15,1,0,0,1,1,0,1,1,0,1,0,1,0,1,0,1,0,1,0,0,0,0,0,0,1,0,0
23,3638-WEABW,0,58,59.9,3505.1,0,1,0,1,0,0,0,0,0,0,1,0,0,0,1,0,0,0,0,0,1,1,1,0,0,0,1
24,6322-HRPFA,0,49,59.6,2970.3,1,1,1,1,0,0,0,0,1,0,1,0,0,0,1,0,0,0,0,0,0,0,1,0,0,0,0
25,6865-JZNKO,0,30,55.3,1530.6,0,0,0,1,0,0,0,0,1,0,1,0,0,0,0,0,0,0,0,0,0,1,0,0,0,0,0
26,6467-CHFZW,0,47,99.35,4749.15,1,1,1,1,1,1,0,0,0,0,1,0,0,0,0,0,1,0,1,0,0,1,0,1,0,0,1
27,8665-UTDHZ,0,1,30.2,30.2,1,1,1,0,1,0,0,0,0,0,1,0,0,0,0,0,0,0,0,0,0,0,0,1,0,1,0
28,5248-YGIJN,0,72,90.25,6369.45,1,1,0,1,0,0,0,0,1,0,1,0,1,0,1,0,1,0,1,0,1,1,1,0,0,0,1
29,8773-HHUOZ,0,17,64.7,1093.1,0,0,1,1,1,0,0,0,0,0,0,0,0,0,0,0,1,0,1,0,0,1,0,0,1,0,0
30,3841-NFECX,1,71,96.35,6766.95,0,1,0,1,0,1,0,0,1,0,1,0,1,0,1,0,0,0,0,0,1,1,1,0,0,0,1
31,4929-XIHVW,1,2,95.5,181.65,1,1,0,1,0,1,0,0,0,0,0,0,1,0,0,0,1,0,1,0,0,1,1,0,0,0,0
32,6827-IEAUQ,0,27,66.15,1874.45,0,1,1,1,0,0,0,0,1,0,1,0,1,0,1,0,0,0,0,1,0,0,0,0,1,0,0
33,7310-EGVHZ,0,1,20.2,20.2,1,0,0,1,0,0,1,1,0,1,0,1,0,1,0,1,0,1,0,0,0,0,0,0,0,0,0
34,3413-BMNZE,1,1,45.25,45.25,1,0,0,1,0,0,0,0,0,0,0,0,0,0,0,0,0,0,0,0,0,0,0,0,0,0,0
35,6234-RAAPL,0,72,99.9,7251.7,0,1,1,1,0,1,0,0,1,0,1,0,0,0,1,0,1,0,0,0,1,0,0,0,0,0,1
36,6047-YHPVI,0,5,69.7,316.9,1,0,0,1,1,1,0,0,0,0,0,0,0,0,0,0,0,0,0,0,0,1,0,1,0,0,0
37,6572-ADKRS,0,46,74.8,3548.3,0,0,0,1,0,1,0,0,0,0,0,0,1,0,0,0,0,0,0,0,0,1,1,0,0,0,0
38,5380-WJKOV,0,34,106.35,3549.25,1,0,0,1,1,1,0,0,0,0,1,0,1,0,0,0,1,0,1,0,0,1,0,1,0,0,1
39,8168-UQWWF,0,11,97.85,1105.4,0,0,0,1,1,1,0,0,0,0,0,0,1,0,0,0,1,0,1,0,0,1,0,0,0,0,1
40,8865-TNMNX,0,10,49.55,475.7,1,1,1,1,0,0,0,0,0,0,1,0,0,0,0,0,0,0,0,1,0,0,0,0,1,0,0
41,9489-DEDVP,0,70,69.2,4872.35,0,1,1,1,0,0,0,0,1,0,1,0,0,0,0,0,1,0,0,0,1,1,1,0,0,0,1
42,9867-JCZSP,0,17,20.75,418.25,0,1,1,1,0,0,1,1,0,1,0,1,0,1,0,1,0,1,0,1,0,0,0,0,1,0,0
43,4671-VJLCL,0,63,79.85,4861.45,0,0,0,1,0,0,0,0,1,0,1,0,1,0,1,0,1,0,0,0,1,1,1,0,0,0,1
44,4080-IIARD,0,13,76.2,981.45,0,1,0,1,0,0,0,0,1,0,1,0,0,0,1,0,1,0,0,0,0,1,0,1,0,0,1
45,3714-NTNFO,0,49,84.5,3906.7,0,0,0,1,0,1,0,0,0,0,0,0,0,0,0,0,0,0,1,0,0,1,0,1,0,0,1
46,5948-UJZLF,0,2,49.25,97,1,0,0,1,0,0,0,0,0,0,1,0,0,0,0,0,0,0,0,0,0,0,0,0,1,0,0
47,7760-OYPDY,0,2,80.65,144.15,0,0,0,1,1,1,0,0,0,0,0,0,0,0,0,0,1,0,0,0,0,1,0,1,0,0,0
48,7639-LIAYI,0,52,79.75,4217.8,1,0,0,1,0,0,0,0,1,0,0,0,0,0,1,0,1,0,1,0,1,1,1,0,0,0,1
49,2954-PIBKO,0,69,64.15,4254.1,0,1,1,1,0,0,0,0,1,0,0,0,1,0,1,0,0,0,0,0,1,1,1,0,0,0,1
